**************************************************************
C:/smart/ronnie/data/spy2025.txt

=== YEARLY STATISTICS ===
Year,N,Mean,Std,MAE,RMSE,Median,P25,P75,Winsor
2015,1749,0.24092361110263738,1.368534432417189,0.24092361110263738,1.389193955623462,0.0578201792425557,0.019260400616332836,0.16551724137931048,0.1895685528889294
2016,1774,0.24386740665649362,1.7772201646476398,0.24386740665649362,1.7933773667259831,0.06492888999541861,0.02139266231682535,0.15752165922814398,0.17033107104218365
2017,1780,0.24914938813699244,0.9505349000248805,0.24914938813699244,0.9823871030204926,0.06619891823973456,0.024673081667900342,0.17048222113979558,0.2101794115970758
2018,1796,0.24703126756745658,0.8000573639494339,0.24703126756745658,0.8371139911752615,0.07397149282833883,0.027708506511499056,0.19775873434410002,0.20671115664788564
2019,1833,0.2802802080943732,1.1341764111057355,0.2802802080943732,1.167994584817669,0.06977758395115555,0.024563989191844778,0.19091776898949955,0.23366007515577958
2020,1886,0.40392905316829814,1.1230086281677283,0.40392905316829814,1.1931631780448884,0.12248964409880628,0.0395851476526006,0.3387978142076503,0.36542107284633485
2021,1913,0.26609506445730097,0.6426168678478702,0.26609506445730097,0.6953755486584274,0.10129379805700087,0.03506721215663358,0.25197195442594217,0.24120308689656472
2022,1924,0.28244693151144745,0.7418126982874753,0.28244693151144745,0.7935844863560708,0.08951904508904618,0.03181022926086663,0.22501406337896113,0.2566370923274525
2023,1952,0.30107149507025877,0.9368548152229439,0.30107149507025877,0.9838146929793113,0.08908192203881093,0.03345376689415231,0.23036419482229045,0.26422133180818264
2024,1984,0.1759580856667793,0.37624484514980777,0.1759580856667793,0.4152710927988826,0.06497317613027417,0.026328722881415335,0.1647717910693687,0.16944077045429157
2025,1981,0.18290180031019634,0.340998103513914,0.18290180031019634,0.38687734190236933,0.07533457413808381,0.0304290495993508,0.19746290090952626,0.17708666692447575
2030,20572,0.26095190937506824,0.9984354091103466,0.26095190937506824,1.0319499539225674,0.07766846830242892,0.0279350417163287,0.20624226591502837,0.22347567988634845

=== PERIOD STATISTICS ===
Year,N,Mean,Std,MAE,RMSE,Median,P25,P75,Winsor
2015-2019,8932,0.252452291099319,1.251519134256208,0.252452291099319,1.276658507359032,0.06690393336963316,0.023419203747072622,0.17710870046491048,0.2022207131203822
2020-2022,5723,0.3170151928726633,0.8614773639252341,0.3170151928726633,0.9178846353202931,0.1026904908605463,0.034952813701503,0.2706534347209692,0.28581687246896315
2023-2025,5917,0.2195573545300886,0.6157085116526572,0.2195573545300886,0.6536347100114578,0.07587253414264043,0.029835902536051697,0.19442644199611153,0.20125880018838072
2025-all,20572,0.26095190937506824,0.9984354091103466,0.26095190937506824,1.0319499539225674,0.07766846830242892,0.0279350417163287,0.20624226591502837,0.22347567988634845

=== PAIRWISE T-TESTS (Welch) ===
2015-2019 vs 2020-2022
t-stat = -3.6966453352010396
p-value = 2.2051093934050137E-4
---------------------
2020-2022 vs 2023-2025
t-stat = 7.00164232687789
p-value = 2.8201885271528226E-12
---------------------
2015-2019 vs 2023-2025
t-stat = 2.125896572517517
p-value = 0.03355317383493839
---------------------
**************************************************************
C:/smart/ronnie/data/iwm2025.txt

=== YEARLY STATISTICS ===
Year,N,Mean,Std,MAE,RMSE,Median,P25,P75,Winsor
2015,3361,6.26489547276095,137.71581939431962,6.26489547276095,137.83777772579018,0.2205071664829108,0.07510326699211423,0.828853046594982,1.3265701194689457
2016,3920,2.466275568164874,20.162167402917266,2.466275568164874,20.309894319442094,0.2502606991015667,0.0805152979066021,0.9698275862068966,1.5988773169895023
2017,4211,3.8855832339613428,63.958382249190514,3.8855832339613428,64.06872084765948,0.25662959794696344,0.0802496656263932,0.9838709677419354,1.309474529855881
2018,4526,4.975846066649975,97.06831374143677,4.975846066649975,97.1850542516422,0.2791022249630797,0.08940545373267753,0.9803921568627451,1.5024243391136933
2019,4942,2.957525955007588,29.350846587456182,2.957525955007588,29.496522484257813,0.3066962092787492,0.09842519685039369,1.2491781722550954,1.626650022249353
2020,5301,3.5248481067007287,28.36740109103093,3.5248481067007287,28.582900404020958,0.6243496357960457,0.19200558561703612,1.8808777429467085,2.1290139998143274
2021,6173,55.900854068447345,4231.374806116795,55.900854068447345,4231.401327743794,0.4002287021154946,0.13999066728884754,1.1718749999999996,1.424483858979889
2022,6808,3.0017742651008152,36.06232570513455,3.0017742651008152,36.18440216460899,0.448574912247681,0.16140189070786273,1.3912168957425413,1.7601284383182094
2023,7106,2.069248476783498,16.511849904267578,2.069248476783498,16.639850022640207,0.4758131461776469,0.16431153466973386,1.4251781472684084,1.4671489282018475
2024,7408,1.6515083910295916,15.216448912828746,1.6515083910295916,15.304788206307766,0.37724613690667896,0.13322675193178796,1.102265768524189,1.1933616961073075
2025,7308,1.9920996041523058,11.925853780586149,1.9920996041523058,12.090284841332318,0.4272200580925413,0.14880952380952353,1.2995451591942822,1.5019551836310907
2030,61064,8.350534953418391,1346.248276920809,8.350534953418391,1346.2631520122948,0.37878787878787856,0.12266176019625875,1.2345679012345678,1.4996872831155243

=== PERIOD STATISTICS ===
Year,N,Mean,Std,MAE,RMSE,Median,P25,P75,Winsor
2015-2019,20960,4.018276597169483,78.5951482554187,4.018276597169483,78.69592850007939,0.26613441096095247,0.08417508417508412,1.012809055704498,1.4750912852573645
2020-2022,18282,21.015056950823343,2458.9094759311374,21.015056950823343,2458.932028898755,0.4799936760877864,0.16129032258064518,1.4477766287487075,1.7560837515033274
2023-2025,21822,1.90160011657574,14.663797105806129,1.90160011657574,14.786249520629816,0.4226013564165204,0.14774406182520755,1.2761020881670537,1.3759013782177278
2025-all,61064,8.350534953418391,1346.248276920809,8.350534953418391,1346.2631520122948,0.37878787878787856,0.12266176019625875,1.2345679012345678,1.4996872831155243

=== PAIRWISE T-TESTS (Welch) ===
2015-2019 vs 2020-2022
t-stat = -0.934205789926136
p-value = 0.3502100886989834
---------------------
2020-2022 vs 2023-2025
t-stat = 1.050998465808981
p-value = 0.29327318710621997
---------------------
2015-2019 vs 2023-2025
t-stat = 3.8354193452756205
p-value = 1.257171954252012E-4
---------------------
