**************************************************************
C:/smart/ronnie/data/spy2025.txt

=== YEARLY STATISTICS ===
Year,N,Mean,Std,MAE,RMSE,Median,P25,P75,Winsor
2015,1749,0.0024092361110263742,0.013685344324171886,0.0024092361110263742,0.01389193955623462,5.78201792425557E-4,1.9260400616332837E-4,0.001655172413793105,0.0018956855288892961
2016,1774,0.0024386740665649363,0.017772201646476426,0.0024386740665649363,0.01793377366725983,6.492888999541862E-4,2.139266231682535E-4,0.00157521659228144,0.0017033107104218413
2017,1783,0.0035307071537446855,0.044041220323572966,0.0035307071537446855,0.04417020641541436,6.640106241699873E-4,2.4695931345310884E-4,0.0017320427916454398,0.002143255199809944
2018,1797,0.002498966211524673,0.00809005073168723,0.002498966211524673,0.00846506537210516,7.416039834728261E-4,2.7754648903691235E-4,0.001980198019801979,0.0020813240093829114
2019,1833,0.0028028020809437323,0.011341764111057357,0.0028028020809437323,0.01167994584817669,6.977758395115555E-4,2.4563989191844776E-4,0.0019091776898949955,0.0023366007515577946
2020,1890,0.00438814297443658,0.0149264632229781,0.00438814297443658,0.015554331225777651,0.001226981716241859,3.9751552795031035E-4,0.0034121374603948334,0.0038015002975016333
2021,1915,0.0027278049431272494,0.006969834715252897,0.0027278049431272494,0.007482923783699862,0.0010138560324433933,3.506721215663358E-4,0.0025260498894853177,0.0024383369295798555
2022,1925,0.002823002058327402,0.0074164783427346495,0.002823002058327402,0.007933783337389137,8.939455505891922E-4,3.181022926086663E-4,0.0022501406337896114,0.0025650377435741255
2023,1952,0.0030107149507025877,0.009368548152229449,0.0030107149507025877,0.009838146929793115,8.908192203881094E-4,3.345376689415231E-4,0.0023036419482229046,0.0026422133180818265
2024,1984,0.0017595808566677933,0.0037624484514980744,0.0017595808566677933,0.004152710927988826,6.497317613027418E-4,2.6328722881415335E-4,0.001647717910693687,0.001694407704542916
2025,1981,0.0018290180031019635,0.0034099810351391363,0.0018290180031019635,0.003868773419023693,7.533457413808381E-4,3.04290495993508E-4,0.0019746290090952626,0.0017708666692447602
2030,20583,0.002740427314846097,0.016420288240461746,0.002740427314846097,0.01664700298321874,7.773027594247957E-4,2.7940765576976837E-4,0.002066923635551085,0.0022521348956280776

=== PERIOD STATISTICS ===
Year,N,Mean,Std,MAE,RMSE,Median,P25,P75,Winsor
2015-2019,8936,0.0027376221020454115,0.022931710879331286,0.0027376221020454115,0.023093269385070486,6.695917853402313E-4,2.3421946363742847E-4,0.0017730496453900726,0.0020321297712318966
2020-2022,5730,0.003307437286222351,0.010427900618337116,0.003307437286222351,0.010938979623432606,0.0010288845241716365,3.5009520881898383E-4,0.0027167201778216838,0.0029072624939237256
2023-2025,5917,0.0021955735453008858,0.006157085116526534,0.0021955735453008858,0.006536347100114578,7.587253414264043E-4,2.9835902536051696E-4,0.0019442644199611154,0.002012588001883811
2025-all,20583,0.002740427314846097,0.016420288240461746,0.002740427314846097,0.01664700298321874,7.773027594247957E-4,2.7940765576976837E-4,0.002066923635551085,0.0022521348956280776
2015-2019 vs 2020-2022
t-stat = -2.0425550895358686
p-value = 0.04114218168309636
---------------------
2020-2022 vs 2023-2025
t-stat = 6.978594457269352
p-value = 3.318456620604593E-12
---------------------
2015-2019 vs 2023-2025
t-stat = 2.1219369202093903
p-value = 0.0338844814806889
---------------------
**************************************************************
C:/smart/ronnie/data/spy2025.txt

=== YEARLY STATISTICS ===
Year,N,Mean,Std,MAE,RMSE,Median,P25,P75,Winsor
2015,1749,0.24092361110263738,1.368534432417189,0.24092361110263738,1.389193955623462,0.0578201792425557,0.019260400616332836,0.16551724137931048,0.1895685528889294
2016,1774,0.24386740665649362,1.7772201646476398,0.24386740665649362,1.7933773667259831,0.06492888999541861,0.02139266231682535,0.15752165922814398,0.17033107104218365
2017,1783,0.35307071537446855,4.4041220323572965,0.35307071537446855,4.417020641541436,0.06640106241699874,0.024695931345310885,0.17320427916454398,0.21432551998099447
2018,1797,0.24989662115246727,0.8090050731687239,0.24989662115246727,0.846506537210516,0.07416039834728261,0.027754648903691236,0.1980198019801979,0.20813240093829138
2019,1833,0.2802802080943732,1.1341764111057355,0.2802802080943732,1.167994584817669,0.06977758395115555,0.024563989191844778,0.19091776898949955,0.23366007515577958
2020,1890,0.438814297443658,1.4926463222978092,0.438814297443658,1.555433122577765,0.12269817162418589,0.03975155279503104,0.34121374603948335,0.3801500297501628
2021,1915,0.27278049431272494,0.69698347152529,0.27278049431272494,0.7482923783699862,0.10138560324433933,0.03506721215663358,0.2526049889485318,0.24383369295798554
2022,1925,0.28230020583274024,0.7416478342734649,0.28230020583274024,0.7933783337389138,0.08939455505891922,0.03181022926086663,0.22501406337896113,0.2565037743574123
2023,1952,0.30107149507025877,0.9368548152229439,0.30107149507025877,0.9838146929793113,0.08908192203881093,0.03345376689415231,0.23036419482229045,0.26422133180818264
2024,1984,0.1759580856667793,0.37624484514980777,0.1759580856667793,0.4152710927988826,0.06497317613027417,0.026328722881415335,0.1647717910693687,0.16944077045429157
2025,1981,0.18290180031019634,0.340998103513914,0.18290180031019634,0.38687734190236933,0.07533457413808381,0.0304290495993508,0.19746290090952626,0.17708666692447575
2030,20583,0.27404273148460967,1.6420288240461545,0.27404273148460967,1.664700298321874,0.07773027594247957,0.027940765576976837,0.20669236355510848,0.22521348956281406

=== PERIOD STATISTICS ===
Year,N,Mean,Std,MAE,RMSE,Median,P25,P75,Winsor
2015-2019,8936,0.27376221020454117,2.293171087933176,0.27376221020454117,2.3093269385070485,0.06695917853402313,0.023421946363742847,0.17730496453900726,0.20321297712319183
2020-2022,5730,0.33074372862223506,1.0427900618337123,0.33074372862223506,1.0938979623432605,0.10288845241716366,0.03500952088189838,0.2716720177821684,0.2907262493923711
2023-2025,5917,0.2195573545300886,0.6157085116526572,0.2195573545300886,0.6536347100114578,0.07587253414264043,0.029835902536051697,0.19442644199611153,0.20125880018838072
2025-all,20583,0.27404273148460967,1.6420288240461545,0.27404273148460967,1.664700298321874,0.07773027594247957,0.027940765576976837,0.20669236355510848,0.22521348956281406
2015-2019 vs 2020-2022
t-stat = -2.0425550895358344
p-value = 0.04114218168309636
---------------------
2020-2022 vs 2023-2025
t-stat = 6.9785944572693355
p-value = 3.318456620604593E-12
---------------------
2015-2019 vs 2023-2025
t-stat = 2.1219369202093494
p-value = 0.0338844814806889
---------------------
**************************************************************
C:/smart/ronnie/data/iwm2025.txt

=== YEARLY STATISTICS ===
Year,N,Mean,Std,MAE,RMSE,Median,P25,P75,Winsor
2015,3383,7.556537423646051,154.22896733027267,7.556537423646051,154.39120575433512,0.2246069378587471,0.07515971439308537,0.8500772797527048,1.538369847982809
2016,3961,6.47882897456099,105.90466130575719,6.47882897456099,106.08930650242917,0.2541942043721403,0.08130081300813015,1.0116731517509727,2.247460278598206
2017,4241,5.132184594680978,73.83646466020537,5.132184594680978,74.00592765437167,0.26,0.0807537012113056,1.0146955913226032,1.576953913283762
2018,4551,6.0074245088565705,102.52749446386026,6.0074245088565705,102.69209547502912,0.28169014084507005,0.0895656068069862,0.9951845906902087,2.047356544746131
2019,4989,4.964642831333455,51.95019562277895,4.964642831333455,52.18169745248241,0.3126503126503128,0.0997506234413963,1.2738853503184706,2.405096274215769
2020,5383,5.481403615491435,49.10900253466955,5.481403615491435,49.409431236225124,0.6425702811244987,0.19442644199611164,1.954120645709431,3.043590606949751
2021,6179,55.897845070689854,4229.320356109784,55.897845070689854,4229.347516381072,0.4016064257028113,0.13999066728884754,1.1740331491712708,1.4492832480019224
2022,6857,3.778375628046771,40.23457978214333,3.778375628046771,40.40868037428989,0.4522450737590182,0.16172506738544457,1.4117647058823528,2.0708580854700744
2023,7183,3.57997342054887,79.80204677494405,3.57997342054887,79.8767568849474,0.4827330115113257,0.16583747927031522,1.4754098360655739,1.6932442083042814
2024,7461,2.9312302566375177,74.28102570890964,2.9312302566375177,74.33386412776858,0.3809523809523813,0.13376136971642588,1.1270491803278686,1.2772898350369661
2025,7452,2.8135774876166266,48.70742543720741,2.8135774876166266,48.785357964539465,0.4435573516015876,0.15120967741935495,1.3670886075949367,1.6749163962449314
2030,61640,9.644054738182923,1341.0925657967407,9.644054738182923,1341.1163632846897,0.3851091142490372,0.12387736141220135,1.2711864406779663,1.7702790653777185

=== PERIOD STATISTICS ===
Year,N,Mean,Std,MAE,RMSE,Median,P25,P75,Winsor
2015-2019,21125,5.921912168700666,99.53613680640997,5.921912168700666,99.70979180960956,0.2706359945872801,0.08449514152936213,1.0439970171513795,1.9673505938952602
2020-2022,18419,21.7605462856561,2449.8636477257346,21.7605462856561,2449.8937862246844,0.4854368932038839,0.16200891049007698,1.4743407995463567,2.062346997644302
2023-2025,22096,3.102445576678772,68.79783127596679,3.102445576678772,68.86619307584219,0.4310344827586206,0.14898688915375427,1.321138211382114,1.5392426528095284
2025-all,61640,9.644054738182923,1341.0925657967407,9.644054738182923,1341.1163632846897,0.3851091142490372,0.12387736141220135,1.2711864406779663,1.7702790653777185
2015-2019 vs 2020-2022
t-stat = -0.8767918911056829
p-value = 0.3806111200306963
---------------------
2020-2022 vs 2023-2025
t-stat = 1.0332748089470352
p-value = 0.3014888797136821
---------------------
2015-2019 vs 2023-2025
t-stat = 3.411090198555469
p-value = 6.482480385501255E-4
---------------------
**************************************************************
C:/smart/ronnie/data/iwm2025.txt

=== YEARLY STATISTICS ===
Year,N,Mean,Std,MAE,RMSE,Median,P25,P75,Winsor
2015,754,33.101630464632194,325.5660173481657,33.101630464632194,327.0296240611475,2.289304201861871,1.538461538461538,4.8672566371681425,11.902555147857642
**************************************************************
C:/smart/ronnie/data/iwm2025.txt

=== YEARLY STATISTICS ===
Year,N,Mean,Std,MAE,RMSE,Median,P25,P75,Winsor
2015,20,1046.5380222466063,1756.6506888343915,1046.5380222466063,2006.6819360479285,236.62469803411042,174.74402730375428,555.5555555555557,1046.5380222466063
2016,30,630.3124432410056,1058.0290641367556,630.3124432410056,1216.3079763409464,170.24283166415148,127.74655084312722,730.1092043681749,630.3124432410054
2017,21,731.6997833361823,768.8762418215467,731.6997833361823,1048.0478346128657,320.0000000000001,138.0168313208928,947.3684210526317,731.6997833361823
2018,36,576.8875031734987,1011.9489637859441,576.8875031734987,1152.559899301451,205.88235294117646,132.37727523441808,421.05263157894717,576.8875031734987
2019,39,406.74664212289883,426.1137353042634,406.74664212289883,585.1153993131054,239.69072164948457,128.61736334405145,409.09090909090907,406.74664212289883
2020,45,377.20228823433195,382.6813825165252,377.20228823433195,534.2960532701804,279.36962750716333,164.17910447761196,373.19002836244215,377.20228823433195
2021,16,20992.912593155655,83056.08505193531,20992.912593155655,83113.60336484358,204.78080931943592,160.05304279263135,234.45350005582225,20992.912593155655
2022,41,324.14291492697333,406.95133981274006,324.14291492697333,516.3707667805517,201.26008894745513,130.6306306306306,343.75,324.14291492697345
2023,27,497.44454340741584,1224.0210714639754,497.44454340741584,1300.0725928415636,204.21577515865818,132.5691699604743,316.43286573146287,497.44454340741584
2024,15,770.4158219095754,1515.8681184468724,770.4158219095754,1654.7526343849777,200.0,142.8405122235157,453.8461538461538,770.4158219095754
2025,21,386.24674701648775,848.0811722432287,386.24674701648775,913.3337948069612,156.09756097560975,124.45439283715724,265.45908806995624,386.2467470164877
2030,311,1579.0542894221626,18844.66626576838,1579.0542894221626,18880.492300618018,219.9248120300752,136.67311411992262,390.665158836229,522.5477313727945

=== PERIOD STATISTICS ===
Year,N,Mean,Std,MAE,RMSE,Median,P25,P75,Winsor
**************************************************************
C:/smart/ronnie/data/iwm2025.txt

=== YEARLY STATISTICS ===
Year,N,Mean,Std,MAE,RMSE,Median,P25,P75,Winsor
2015,20,1046.5380222466063,1756.6506888343915,1046.5380222466063,2006.6819360479285,236.62469803411042,174.74402730375428,555.5555555555557,1046.5380222466063
2016,30,630.3124432410056,1058.0290641367556,630.3124432410056,1216.3079763409464,170.24283166415148,127.74655084312722,730.1092043681749,630.3124432410054
2017,21,731.6997833361823,768.8762418215467,731.6997833361823,1048.0478346128657,320.0000000000001,138.0168313208928,947.3684210526317,731.6997833361823
2018,36,576.8875031734987,1011.9489637859441,576.8875031734987,1152.559899301451,205.88235294117646,132.37727523441808,421.05263157894717,576.8875031734987
2019,39,406.74664212289883,426.1137353042634,406.74664212289883,585.1153993131054,239.69072164948457,128.61736334405145,409.09090909090907,406.74664212289883
2020,45,377.20228823433195,382.6813825165252,377.20228823433195,534.2960532701804,279.36962750716333,164.17910447761196,373.19002836244215,377.20228823433195
2021,16,20992.912593155655,83056.08505193531,20992.912593155655,83113.60336484358,204.78080931943592,160.05304279263135,234.45350005582225,20992.912593155655
2022,41,324.14291492697333,406.95133981274006,324.14291492697333,516.3707667805517,201.26008894745513,130.6306306306306,343.75,324.14291492697345
2023,27,497.44454340741584,1224.0210714639754,497.44454340741584,1300.0725928415636,204.21577515865818,132.5691699604743,316.43286573146287,497.44454340741584
2024,15,770.4158219095754,1515.8681184468724,770.4158219095754,1654.7526343849777,200.0,142.8405122235157,453.8461538461538,770.4158219095754
2025,21,386.24674701648775,848.0811722432287,386.24674701648775,913.3337948069612,156.09756097560975,124.45439283715724,265.45908806995624,386.2467470164877
2030,311,1579.0542894221626,18844.66626576838,1579.0542894221626,18880.492300618018,219.9248120300752,136.67311411992262,390.665158836229,522.5477313727945

=== PERIOD STATISTICS ===
Year,N,Mean,Std,MAE,RMSE,Median,P25,P75,Winsor
**************************************************************
C:/smart/ronnie/data/iwm2025.txt

=== YEARLY STATISTICS ===
Year,N,Mean,Std,MAE,RMSE,Median,P25,P75,Winsor
2017,1,138.0168313208928,0.0,138.0168313208928,138.0168313208928,138.0168313208928,138.0168313208928,138.0168313208928,138.0168313208928
2018,3,223.967079725697,132.62383499343798,223.967079725697,248.7715964623665,158.64661654135338,136.67311411992262,376.5815085158151,223.96707972569706
2019,1,102.0319786808794,0.0,102.0319786808794,102.0319786808794,102.0319786808794,102.0319786808794,102.0319786808794,102.0319786808794
2020,7,238.00624713437233,202.16225860349903,238.00624713437233,302.78381928529313,170.39685878558407,115.06576325229176,300.9322560596644,238.00624713437233
2021,8,41794.259346850195,117443.93198061592,41794.259346850195,117540.21706860964,202.77428571428572,160.05304279263135,323.24687800192123,41794.259346850195
2022,5,172.44744549066044,63.727187073558625,172.44744549066044,181.6233601552977,180.89780324737345,111.83712121212122,201.26008894745513,172.44744549066044
2023,6,168.09068036798092,80.25306264480676,168.09068036798092,183.3619513779512,130.28602505354996,120.67973288452143,204.21577515865818,168.09068036798092
2024,4,397.6147828355222,488.45986217638574,397.6147828355222,580.5534370300203,176.84262655598178,108.32943378568085,192.6605504587156,397.6147828355222
2025,2,112.83402551014642,16.4336810736159,112.83402551014642,113.43081701918149,112.83402551014642,101.21365818313559,124.45439283715724,112.83402551014642
2030,37,9205.918298539042,54617.99357282974,9205.918298539042,54655.732980568144,161.02470265324794,120.67973288452143,216.42857142857142,9205.918298539042

=== PERIOD STATISTICS ===
Year,N,Mean,Std,MAE,RMSE,Median,P25,P75,Winsor
2015-2019,5,182.39000983577267,110.44287390007614,182.39000983577267,207.42280107100026,138.0168313208928,136.67311411992262,158.64661654135338,182.39000983577267
2020-2022,20,16844.11778660977,74286.76358318508,16844.11778660977,74339.23180589112,185.0089016236867,117.24137931034481,259.60912052117266,16844.11778660977
2023-2025,12,235.38927204752227,287.73955901234217,235.38927204752227,362.35708731943987,130.28602505354996,108.32943378568085,192.6605504587156,235.38927204752227
2025-all,37,9205.918298539042,54617.99357282974,9205.918298539042,54655.732980568144,161.02470265324794,120.67973288452143,216.42857142857142,9205.918298539042
2015-2019 vs 2020-2022
t-stat = -1.0030479034970525
p-value = 0.3725944183145269
---------------------
2020-2022 vs 2023-2025
t-stat = 0.9998492295755027
p-value = 0.3388704713378703
---------------------
2015-2019 vs 2023-2025
t-stat = -0.5484271353441791
p-value = 0.6125701812767179
---------------------
**************************************************************
C:/smart/ronnie/data/iwm2025.txt

=== YEARLY STATISTICS ===
Year,N,Mean,Std,MAE,RMSE,Median,P25,P75,Winsor
2015,2717,0.6922012154859014,2.6502333400390428,0.6922012154859014,2.738666495211267,0.16694490818030067,0.06301197227473225,0.547556276617319,0.5581085110428661
2016,3042,0.6769939267448344,2.3083048664846584,0.6769939267448344,2.4051695501550037,0.1780416057345246,0.0643500643500644,0.5758870518298348,0.5611910871835185
2017,3485,0.7012373682248667,3.1179254817113193,0.7012373682248667,3.1953722226421757,0.1904761904761905,0.06954102920723217,0.6648005598320504,0.5765184969459588
2018,3787,0.8236146285645609,7.180802485410614,0.8236146285645609,7.226939141567486,0.21352313167259807,0.07299270072992697,0.6481481481481481,0.5842767435031148
2019,4052,0.8930251745576129,3.702646357776601,0.8930251745576129,3.808372434519511,0.2347969136251674,0.08116883116883124,0.8333333333333337,0.703434390990791
2020,4050,1.6863384893243005,13.048158924198496,1.6863384893243005,13.155080793198913,0.47542408268638015,0.1554174067495561,1.327433628318584,1.170113872982298
2021,5324,63.871006241493376,4556.283312147695,63.871006241493376,4556.303090798089,0.3478059254629582,0.12364760432766626,0.947075208913649,0.9359883479047489
2022,5095,1.1329386563470816,6.359513164533861,1.1329386563470816,6.459026228989019,0.3315731302959597,0.12861736334405155,0.9023789991796556,0.865016656348952
2023,4986,1.0640497036362095,6.604557690535031,1.0640497036362095,6.68906836017286,0.3344481605351165,0.1269035532994922,0.9422367882015568,0.8062108043401505
2024,5288,1.1267413105306625,16.204396509439455,1.1267413105306625,16.241993594540574,0.2711675029313568,0.10167768174885607,0.7083931133428982,0.7162248834689788
2025,4987,0.8004643807271102,3.0633726856046586,0.8004643807271102,3.1659301465363434,0.28200221573169504,0.10901162790697656,0.736422215403498,0.6804884662513754
2030,46813,8.139367512576484,1536.5710928999836,8.139367512576484,1536.5762386056995,0.2764976958525346,0.09528346831824681,0.8252063015753942,0.7549998867560327

=== PERIOD STATISTICS ===
Year,N,Mean,Std,MAE,RMSE,Median,P25,P75,Winsor
2015-2019,17083,0.7681030885428837,4.3284486690178925,0.7681030885428837,4.395947395412947,0.2,0.07092198581560284,0.6541648495420842,0.6019629560991756
2020-2022,14469,24.372882062724617,2763.836111861622,24.372882062724617,2763.848069051556,0.3658536585365854,0.13383894713361574,1.0406342913776017,0.9760361438394418
2023-2025,15261,0.9996380144880664,10.40721955337209,0.9996380144880664,10.454778706503182,0.29112081513828264,0.11037527593818995,0.7824952905376032,0.730324387416551
2025-all,46813,8.139367512576484,1536.5710928999836,8.139367512576484,1536.5762386056995,0.2764976958525346,0.09528346831824681,0.8252063015753942,0.7549998867560327
2015-2019 vs 2020-2022
t-stat = -1.0273216922627004
p-value = 0.30428618595398294
---------------------
2020-2022 vs 2023-2025
t-stat = 1.0172391023291592
p-value = 0.3090567086434115
---------------------
2015-2019 vs 2023-2025
t-stat = -2.557823672916898
p-value = 0.010542522905678364
---------------------
**************************************************************
C:/smart/ronnie/data/iwm2025.txt

=== YEARLY STATISTICS ===
Year,N,Mean,Std,MAE,RMSE,Median,P25,P75,Winsor
2015,3127,1.4025558563387515,13.379388901603523,1.4025558563387515,13.450574871459548,0.19342359767891673,0.07010164738871369,0.6560773480662984,0.7947731692199461
2016,3582,1.5730994358672674,18.651779363341223,1.5730994358672674,18.715405254727756,0.21488872340501725,0.07485029940119767,0.7624633431085044,0.8517118885819418
2017,3886,0.8682726297479988,3.5057093483719757,0.8682726297479988,3.6111954752183286,0.22123920877614822,0.07490636704119857,0.807208560165196,0.7132443484783594
2018,4195,1.0547902041660477,7.354192546935317,1.0547902041660477,7.4285824937102545,0.24615384615384603,0.08218277449046678,0.7992895204262879,0.7691551392454328
2019,4534,1.1780852674611735,5.273495437503527,1.1780852674611735,5.402916381380752,0.2673949896172118,0.09017132551848521,1.0061919504643972,0.9148083803320439
2020,4760,1.8598345414300448,12.373101112229064,1.8598345414300448,12.510813447869502,0.5525705247714663,0.1739130434782608,1.566757493188011,1.3564080746320182
2021,5889,58.173004934320055,4332.204419107583,58.173004934320055,4332.227171966972,0.3749753305703571,0.13351134846461948,1.06320141760189,1.1426283368653916
2022,6094,1.4112994262337506,7.288931439465734,1.4112994262337506,7.423716685783384,0.39031371475138166,0.14619883040935666,1.1155091759625761,1.1032597658250973
2023,6172,1.3085443597105866,6.699188406013905,1.3085443597105866,6.82525766791201,0.39388178736951185,0.14513788098693733,1.1228070175438598,1.0358526396604826
2024,6452,1.3902473135355653,16.052088068981327,1.3902473135355653,16.110939841795233,0.31941033869267776,0.11926058437686354,0.8789062500000002,0.9067399428206362
2025,6130,1.1102454796440162,6.1000376284251265,1.1102454796440162,6.19976079147935,0.33768579560658774,0.12787723785166252,0.916784203102962,0.876120319437101
2030,54821,7.425022139591825,1419.9314486025069,7.425022139591825,1419.9379112166032,0.32362459546925565,0.11102886750555144,0.9906439185470555,0.9675335430648287

=== PERIOD STATISTICS ===
Year,N,Mean,Std,MAE,RMSE,Median,P25,P75,Winsor
2015-2019,19324,1.198562683212279,10.68756571663941,1.198562683212279,10.754287631378247,0.23213974891023248,0.07886435331230283,0.8105263157894737,0.8127135878845625
2020-2022,16743,21.50355952809451,2569.302520737868,21.50355952809451,2569.315779149527,0.4220522289633343,0.1485884101040119,1.2203876525484567,1.1806263426362877
2023-2025,18754,1.2718362080240497,10.750876513746226,1.2718362080240497,10.825560037716123,0.3481624758220503,0.13012361743656467,0.9727626459143971,0.939491645849598
2025-all,54821,7.425022139591825,1419.9314486025069,7.425022139591825,1419.9379112166032,0.32362459546925565,0.11102886750555144,0.9906439185470555,0.9675335430648287
2015-2019 vs 2020-2022
t-stat = -1.0225888818018223
p-value = 0.3065170439855951
---------------------
2020-2022 vs 2023-2025
t-stat = 1.0188983959256266
p-value = 0.308265928506142
---------------------
2015-2019 vs 2023-2025
t-stat = -0.6668392713067921
p-value = 0.504883009225662
---------------------
**************************************************************
C:/smart/ronnie/data/iwm2025.txt

=== YEARLY STATISTICS ===
Year,N,Mean,Std,MAE,RMSE,Median,P25,P75,Winsor
2015,3122,0.9522962708638265,4.01405722828704,0.9522962708638265,4.124846980817865,0.19293386972345766,0.07002801120448186,0.6528835690968444,0.7621120301154032
2016,3576,0.9914585404741889,3.8689828438652,0.9914585404741889,3.99347371516764,0.21446247166200091,0.0745990302126073,0.7575757575757576,0.8193749146926962
2017,3885,0.8329705554388237,2.7292930537892097,0.8329705554388237,2.8532373078188016,0.22099447513812157,0.07490636704119857,0.8067940552016986,0.7104092250002979
2018,4191,0.8660918534812391,2.5629988787027287,0.8660918534812391,2.7050898235214476,0.24529844644317275,0.08216926869350848,0.797057020232986,0.7565619626856992
2019,4532,1.1107995291468105,4.047251063315421,1.1107995291468105,4.1964869131122855,0.2669834669834671,0.09017132551848511,1.0021474588403723,0.9070796497427209
2020,4751,1.4679750241874552,3.852030685500329,1.4679750241874552,4.121888876734783,0.549618320610687,0.1736111111111111,1.5570934256055362,1.318360965518283
2021,5877,1.274289913054159,4.291245126136923,1.274289913054159,4.476099434813654,0.37442396313364057,0.13334603295551958,1.0536398467432952,1.0755433027145251
2022,6088,1.2250163754659913,3.697052772033957,1.2250163754659913,3.894434389532135,0.3902265982574689,0.14598540145985414,1.1066096987592475,1.083897683189551
2023,6165,1.1169431541239723,2.7028874460813874,1.1169431541239723,2.9243764366912073,0.39215686274509837,0.14513788098693692,1.121495327102805,1.0106932995646747
2024,6444,1.0197912150423467,3.322604580071783,1.0197912150423467,3.4753362632354645,0.31896395803873856,0.11923688394276609,0.874333135743924,0.8837298430560478
2025,6126,0.993148435635835,3.114390180176619,0.993148435635835,3.2686674178174067,0.3374578177727784,0.12762336925694834,0.9146341463414642,0.8643590789554211
2030,54757,1.0935828667507124,3.5073366858803894,1.0935828667507124,3.673841240445288,0.32292787944025836,0.11086474501108658,0.9860312243221034,0.9423926360870459

=== PERIOD STATISTICS ===
Year,N,Mean,Std,MAE,RMSE,Median,P25,P75,Winsor
2015-2019,19306,0.9540324111823066,3.486626851785986,0.9540324111823066,3.6147081440980378,0.2316423456015798,0.07872982548222025,0.8070094535393129,0.7908761689744016
2020-2022,16716,1.3113933269185718,3.959522747668534,1.3113933269185718,4.17092734941896,0.42050476275502563,0.14825796886582665,1.2117477921544466,1.1442010338535527
2023-2025,18735,1.0430486496723936,3.0617807186974417,1.0430486496723936,3.234493976076643,0.3475842891901281,0.1300390117035108,0.9704811969268096,0.9158521468914633
2025-all,54757,1.0935828667507124,3.5073366858803894,1.0935828667507124,3.673841240445288,0.32292787944025836,0.11086474501108658,0.9860312243221034,0.9423926360870459
2015-2019 vs 2020-2022
t-stat = -9.025960111082878
p-value = 0.0
---------------------
2020-2022 vs 2023-2025
t-stat = 7.075762777821333
p-value = 1.5452084056732929E-12
---------------------
2015-2019 vs 2023-2025
t-stat = -2.6480126162722017
p-value = 0.008103432347984496
---------------------
**************************************************************
C:/smart/ronnie/data/iwm2025.txt

=== YEARLY STATISTICS ===
Year,N,Mean,Std,MAE,RMSE,Median,P25,P75,Winsor
2015,3361,6.26489547276095,137.71581939431962,6.26489547276095,137.83777772579018,0.2205071664829108,0.07510326699211423,0.828853046594982,1.3265701194689457
2016,3920,2.466275568164874,20.162167402917266,2.466275568164874,20.309894319442094,0.2502606991015667,0.0805152979066021,0.9698275862068966,1.5988773169895023
2017,4211,3.8855832339613428,63.958382249190514,3.8855832339613428,64.06872084765948,0.25662959794696344,0.0802496656263932,0.9838709677419354,1.309474529855881
2018,4526,4.975846066649975,97.06831374143677,4.975846066649975,97.1850542516422,0.2791022249630797,0.08940545373267753,0.9803921568627451,1.5024243391136933
2019,4942,2.957525955007588,29.350846587456182,2.957525955007588,29.496522484257813,0.3066962092787492,0.09842519685039369,1.2491781722550954,1.626650022249353
2020,5301,3.5248481067007287,28.36740109103093,3.5248481067007287,28.582900404020958,0.6243496357960457,0.19200558561703612,1.8808777429467085,2.1290139998143274
2021,6173,55.900854068447345,4231.374806116795,55.900854068447345,4231.401327743794,0.4002287021154946,0.13999066728884754,1.1718749999999996,1.424483858979889
2022,6808,3.0017742651008152,36.06232570513455,3.0017742651008152,36.18440216460899,0.448574912247681,0.16140189070786273,1.3912168957425413,1.7601284383182094
2023,7106,2.069248476783498,16.511849904267578,2.069248476783498,16.639850022640207,0.4758131461776469,0.16431153466973386,1.4251781472684084,1.4671489282018475
2024,7408,1.6515083910295916,15.216448912828746,1.6515083910295916,15.304788206307766,0.37724613690667896,0.13322675193178796,1.102265768524189,1.1933616961073075
2025,7308,1.9920996041523058,11.925853780586149,1.9920996041523058,12.090284841332318,0.4272200580925413,0.14880952380952353,1.2995451591942822,1.5019551836310907
2030,61064,8.350534953418391,1346.248276920809,8.350534953418391,1346.2631520122948,0.37878787878787856,0.12266176019625875,1.2345679012345678,1.4996872831155243

=== PERIOD STATISTICS ===
Year,N,Mean,Std,MAE,RMSE,Median,P25,P75,Winsor
2015-2019,20960,4.018276597169483,78.5951482554187,4.018276597169483,78.69592850007939,0.26613441096095247,0.08417508417508412,1.012809055704498,1.4750912852573645
2020-2022,18282,21.015056950823343,2458.9094759311374,21.015056950823343,2458.932028898755,0.4799936760877864,0.16129032258064518,1.4477766287487075,1.7560837515033274
2023-2025,21822,1.90160011657574,14.663797105806129,1.90160011657574,14.786249520629816,0.4226013564165204,0.14774406182520755,1.2761020881670537,1.3759013782177278
2025-all,61064,8.350534953418391,1346.248276920809,8.350534953418391,1346.2631520122948,0.37878787878787856,0.12266176019625875,1.2345679012345678,1.4996872831155243
2015-2019 vs 2020-2022
t-stat = -0.934205789926136
p-value = 0.3502100886989834
---------------------
2020-2022 vs 2023-2025
t-stat = 1.050998465808981
p-value = 0.29327318710621997
---------------------
2015-2019 vs 2023-2025
t-stat = 3.8354193452756205
p-value = 1.257171954252012E-4
---------------------
**************************************************************
C:/smart/ronnie/data/spy2025.txt

=== PAIRWISE T-TESTS (Welch) ===
2015-2019
t-stat = -6.890682553916134
p-value = 5.928368906893411E-12
---------------------
2020-2022
t-stat = -1.1373923234457168
p-value = 0.25542188195402415
---------------------
2023-2025
t-stat = -16.890034361027624
p-value = 0.0
---------------------
**************************************************************
C:/smart/ronnie/data/spy2025.txt

=== YEARLY STATISTICS ===
Year,N,Mean,Std,MAE,RMSE,Median,P25,P75,Winsor
2015,1749,0.24092361110263738,1.368534432417189,0.24092361110263738,1.389193955623462,0.0578201792425557,0.019260400616332836,0.16551724137931048,0.1895685528889294
2016,1774,0.24386740665649362,1.7772201646476398,0.24386740665649362,1.7933773667259831,0.06492888999541861,0.02139266231682535,0.15752165922814398,0.17033107104218365
2017,1780,0.24914938813699244,0.9505349000248805,0.24914938813699244,0.9823871030204926,0.06619891823973456,0.024673081667900342,0.17048222113979558,0.2101794115970758
2018,1796,0.24703126756745658,0.8000573639494339,0.24703126756745658,0.8371139911752615,0.07397149282833883,0.027708506511499056,0.19775873434410002,0.20671115664788564
2019,1833,0.2802802080943732,1.1341764111057355,0.2802802080943732,1.167994584817669,0.06977758395115555,0.024563989191844778,0.19091776898949955,0.23366007515577958
2020,1886,0.40392905316829814,1.1230086281677283,0.40392905316829814,1.1931631780448884,0.12248964409880628,0.0395851476526006,0.3387978142076503,0.36542107284633485
2021,1913,0.26609506445730097,0.6426168678478702,0.26609506445730097,0.6953755486584274,0.10129379805700087,0.03506721215663358,0.25197195442594217,0.24120308689656472
2022,1924,0.28244693151144745,0.7418126982874753,0.28244693151144745,0.7935844863560708,0.08951904508904618,0.03181022926086663,0.22501406337896113,0.2566370923274525
2023,1952,0.30107149507025877,0.9368548152229439,0.30107149507025877,0.9838146929793113,0.08908192203881093,0.03345376689415231,0.23036419482229045,0.26422133180818264
2024,1984,0.1759580856667793,0.37624484514980777,0.1759580856667793,0.4152710927988826,0.06497317613027417,0.026328722881415335,0.1647717910693687,0.16944077045429157
2025,1981,0.18290180031019634,0.340998103513914,0.18290180031019634,0.38687734190236933,0.07533457413808381,0.0304290495993508,0.19746290090952626,0.17708666692447575
2030,20572,0.26095190937506824,0.9984354091103466,0.26095190937506824,1.0319499539225674,0.07766846830242892,0.0279350417163287,0.20624226591502837,0.22347567988634845

=== PERIOD STATISTICS ===
Year,N,Mean,Std,MAE,RMSE,Median,P25,P75,Winsor
**************************************************************
C:/smart/ronnie/data/spy2025.txt

=== PAIRWISE T-TESTS (Welch) ===
2015-2019
t-stat = -39.18440704707183
p-value = 0.0
---------------------
**************************************************************
C:/smart/ronnie/data/spy2025.txt

=== PAIRWISE T-TESTS (Welch) ===
2015-2019
mean diff=-1.271878308134184
t-stat = -39.18440704707183
p-value = 0.0
---------------------
2020-2022
mean diff=-1.465357502110968
t-stat = -43.254936431604285
p-value = 0.0
---------------------
2023-2025
mean diff=-1.1746425780293541
t-stat = -57.84753915658409
p-value = 0.0
---------------------
**************************************************************
C:/smart/ronnie/data/spy2025.txt

=== YEARLY STATISTICS ===
Year,N,Mean,Std,MAE,RMSE,Median,P25,P75,Winsor
2015,1749,0.07332132647226987,0.3104160615110079,0.12326300743281876,0.31887153351860636,0.020000000000000018,0.0,0.07999999999999985,0.0719148084619782
2016,1774,0.04729988726042841,0.23923516556817445,0.09968658399098083,0.24380008490148375,0.020000000000000018,0.0,0.07999999999999996,0.0498703494926718
2017,1780,0.15362078651685393,0.7349574953508538,0.18949382022471908,0.7506386640272298,0.030000000000000027,0.0,0.10999999999999999,0.13421629213483152
2018,1796,0.13930512249443208,0.44545401132746465,0.1820846325167038,0.4666098041770235,0.04999999999999999,0.010000000000000009,0.13000000000000006,0.13761804008908696
2019,1833,0.17834697217675943,0.6687323761403408,0.22474086197490453,0.6919296641422608,0.040000000000000036,0.009999999999999953,0.1299999999999999,0.15897981451172954
2020,1886,0.17890721102863202,0.5968404550515738,0.285449098621421,0.6229265155669603,0.07999999999999985,0.010000000000000009,0.22999999999999998,0.1791246023329806
2021,1913,0.23027391531625718,0.6528614680613904,0.2874197595399895,0.6921209189441874,0.10000000000000003,0.020000000000000018,0.27,0.21314375326711965
2022,1924,0.19153222453222454,0.8445419874037168,0.30447713097713097,0.8657742482059332,0.06999999999999995,0.009999999999999981,0.19999999999999996,0.18478586278586318
2023,1952,0.25174334016393446,1.1778258372647712,0.3404759221311476,1.204133596720065,0.07000000000000017,0.019999999999999907,0.20999999999999996,0.22251178278688521
2024,1984,0.1503765120967742,0.7222463688520357,0.22948437500000002,0.7375567702999699,0.06000000000000005,0.010000000000000009,0.17,0.13982711693548383
2025,1981,0.17230742049469966,0.6675700212132699,0.25796113074204946,0.689285585497447,0.07999999999999918,0.010000000000000231,0.2100000000000004,0.1660782433114586
2030,20572,0.1623676842309936,0.6956062470169087,0.23204530429710288,0.7142883136810011,0.050000000000000044,0.010000000000000009,0.16000000000000003,0.1506760645537628

=== PERIOD STATISTICS ===
Year,N,Mean,Std,MAE,RMSE,Median,P25,P75,Winsor
2015-2019,8932,0.11897626511419614,0.5214483499835918,0.16443170622480965,0.5348208029911852,0.030000000000000027,0.0,0.10000000000000009,0.10773242274966445
2020-2022,5723,0.20032168443124235,0.7070736352154108,0.2925048051721125,0.7348432106884776,0.08000000000000007,0.010000000000000009,0.24,0.19191525423728803
2023-2025,5917,0.19115954030758833,0.8850934588686347,0.27563410512083825,0.9054280778864295,0.07000000000000006,0.010000000000000009,0.19999999999999973,0.17517846881865765
2025-all,20572,0.1623676842309936,0.6956062470169087,0.23204530429710288,0.7142883136810011,0.050000000000000044,0.010000000000000009,0.16000000000000003,0.1506760645537628

=== PAIRWISE T-TESTS (Welch) ===
**************************************************************
C:/smart/ronnie/data/spy2025.txt

=== YEARLY STATISTICS ===
Year,N,Mean,Std,MAE,RMSE,Median,P25,P75,Winsor
2015,1749,0.07332132647226987,0.3104160615110079,0.12326300743281876,0.31887153351860636,0.020000000000000018,0.0,0.07999999999999985,0.0719148084619782
2016,1774,0.04729988726042841,0.23923516556817445,0.09968658399098083,0.24380008490148375,0.020000000000000018,0.0,0.07999999999999996,0.0498703494926718
2017,1780,0.15362078651685393,0.7349574953508538,0.18949382022471908,0.7506386640272298,0.030000000000000027,0.0,0.10999999999999999,0.13421629213483152
2018,1796,0.13930512249443208,0.44545401132746465,0.1820846325167038,0.4666098041770235,0.04999999999999999,0.010000000000000009,0.13000000000000006,0.13761804008908696
2019,1833,0.17834697217675943,0.6687323761403408,0.22474086197490453,0.6919296641422608,0.040000000000000036,0.009999999999999953,0.1299999999999999,0.15897981451172954
2020,1886,0.17890721102863202,0.5968404550515738,0.285449098621421,0.6229265155669603,0.07999999999999985,0.010000000000000009,0.22999999999999998,0.1791246023329806
2021,1913,0.23027391531625718,0.6528614680613904,0.2874197595399895,0.6921209189441874,0.10000000000000003,0.020000000000000018,0.27,0.21314375326711965
2022,1924,0.19153222453222454,0.8445419874037168,0.30447713097713097,0.8657742482059332,0.06999999999999995,0.009999999999999981,0.19999999999999996,0.18478586278586318
2023,1952,0.25174334016393446,1.1778258372647712,0.3404759221311476,1.204133596720065,0.07000000000000017,0.019999999999999907,0.20999999999999996,0.22251178278688521
2024,1984,0.1503765120967742,0.7222463688520357,0.22948437500000002,0.7375567702999699,0.06000000000000005,0.010000000000000009,0.17,0.13982711693548383
2025,1981,0.17230742049469966,0.6675700212132699,0.25796113074204946,0.689285585497447,0.07999999999999918,0.010000000000000231,0.2100000000000004,0.1660782433114586
2030,20572,0.1623676842309936,0.6956062470169087,0.23204530429710288,0.7142883136810011,0.050000000000000044,0.010000000000000009,0.16000000000000003,0.1506760645537628

=== PERIOD STATISTICS ===
Year,N,Mean,Std,MAE,RMSE,Median,P25,P75,Winsor
2015-2019,8932,0.11897626511419614,0.5214483499835918,0.16443170622480965,0.5348208029911852,0.030000000000000027,0.0,0.10000000000000009,0.10773242274966445
2020-2022,5723,0.20032168443124235,0.7070736352154108,0.2925048051721125,0.7348432106884776,0.08000000000000007,0.010000000000000009,0.24,0.19191525423728803
2023-2025,5917,0.19115954030758833,0.8850934588686347,0.27563410512083825,0.9054280778864295,0.07000000000000006,0.010000000000000009,0.19999999999999973,0.17517846881865765
2025-all,20572,0.1623676842309936,0.6956062470169087,0.23204530429710288,0.7142883136810011,0.050000000000000044,0.010000000000000009,0.16000000000000003,0.1506760645537628

=== PAIRWISE T-TESTS (Welch) ===
**************************************************************
C:/smart/ronnie/data/spy2025.txt

=== YEARLY STATISTICS ===
Year,N,Mean,Std,MAE,RMSE,Median,P25,P75,Winsor
2015,1749,0.09554508764984056,1.3863007606282012,0.24092361110263738,1.389193955623462,0.03134796238244517,0.0,0.11702750146284364,0.11231144026182777
2016,1774,0.018827605918390118,1.7937841814840845,0.24386740665649362,1.7933773667259831,0.03572070542491869,0.0,0.11555350127108834,0.0716394733207497
2017,1780,0.11156706568175268,0.9763056387818497,0.24914938813699244,0.9823871030204926,0.04461606517221,0.0,0.1373469154171913,0.1483674654134494
2018,1796,0.16237858806596378,0.8214430806705733,0.24703126756745658,0.8371139911752615,0.05484460877997019,0.010525577152480538,0.15896145184792673,0.156311157153891
2019,1833,0.1677684913255549,1.156198242798175,0.2802802080943732,1.167994584817669,0.04694284708367567,0.003656975681111714,0.1512752858399296,0.16137043097697285
2020,1886,0.18526632383674557,1.1790045783208232,0.40392905316829814,1.1931631780448884,0.07511737089201885,0.007290755322251392,0.24504999019800042,0.1854980376931263
2021,1913,0.17798230232252804,0.6723881223878692,0.26609506445730097,0.6953755486584274,0.07980845969672762,0.017724211272598385,0.22615906520919732,0.18313330267012629
2022,1924,0.13610229332622872,0.7820296456991599,0.28244693151144745,0.7935844863560708,0.05538468009368775,0.004845195988177619,0.17497812773403326,0.14437575482839896
2023,1952,0.1603504324153176,0.9709078277869155,0.30107149507025877,0.9838146929793113,0.06425065313159158,0.012566760917373559,0.18269747447608806,0.18566515561177202
2024,1984,0.11188870132613989,0.400014562313956,0.1759580856667793,0.4152710927988826,0.04589391531938999,0.008400537634408673,0.12962962962962973,0.11274901407996579
2025,1981,0.11813621331535192,0.3684921399179999,0.18290180031019634,0.38687734190236933,0.05616925669350314,0.01247193813918684,0.16090104585679812,0.11772704789447395
2030,20572,0.13217099972879467,1.0234756729279042,0.26095190937506824,1.0319499539225674,0.05234368869559347,0.005938594928439871,0.1619695497246519,0.14405851870066305

=== PERIOD STATISTICS ===
Year,N,Mean,Std,MAE,RMSE,Median,P25,P75,Winsor
2015-2019,8932,0.11176102741586745,1.2718284133261935,0.252452291099319,1.276658507359032,0.042498188824465655,0.0,0.13375689683999317,0.13053354819448848
2020-2022,5723,0.166303205217327,0.902772316337179,0.3170151928726633,0.9178846353202931,0.06919617114519663,0.010043690051725012,0.2127951674903899,0.17086768336994293
2023-2025,5917,0.12996773129685205,0.6406372492639485,0.2195573545300886,0.6536347100114578,0.05450814415800954,0.011020498126515376,0.15689114168476936,0.13762422165802363
2025-all,20572,0.13217099972879467,1.0234756729279042,0.26095190937506824,1.0319499539225674,0.05234368869559347,0.005938594928439871,0.1619695497246519,0.14405851870066305

=== PAIRWISE T-TESTS (Welch) ===
**************************************************************
C:/smart/ronnie/data/spy2025.txt

=== YEARLY STATISTICS ===
Year,N,Mean,Std,MAE,RMSE,Median,P25,P75,Winsor
2015,1749,0.09554508764984056,1.3863007606282012,0.24092361110263738,1.389193955623462,0.03134796238244517,0.0,0.11702750146284364,0.11231144026182777
2016,1774,0.018827605918390118,1.7937841814840845,0.24386740665649362,1.7933773667259831,0.03572070542491869,0.0,0.11555350127108834,0.0716394733207497
2017,1780,0.11156706568175268,0.9763056387818497,0.24914938813699244,0.9823871030204926,0.04461606517221,0.0,0.1373469154171913,0.1483674654134494
2018,1796,0.16237858806596378,0.8214430806705733,0.24703126756745658,0.8371139911752615,0.05484460877997019,0.010525577152480538,0.15896145184792673,0.156311157153891
2019,1833,0.1677684913255549,1.156198242798175,0.2802802080943732,1.167994584817669,0.04694284708367567,0.003656975681111714,0.1512752858399296,0.16137043097697285
2020,1886,0.18526632383674557,1.1790045783208232,0.40392905316829814,1.1931631780448884,0.07511737089201885,0.007290755322251392,0.24504999019800042,0.1854980376931263
2021,1913,0.17798230232252804,0.6723881223878692,0.26609506445730097,0.6953755486584274,0.07980845969672762,0.017724211272598385,0.22615906520919732,0.18313330267012629
2022,1924,0.13610229332622872,0.7820296456991599,0.28244693151144745,0.7935844863560708,0.05538468009368775,0.004845195988177619,0.17497812773403326,0.14437575482839896
2023,1952,0.1603504324153176,0.9709078277869155,0.30107149507025877,0.9838146929793113,0.06425065313159158,0.012566760917373559,0.18269747447608806,0.18566515561177202
2024,1984,0.11188870132613989,0.400014562313956,0.1759580856667793,0.4152710927988826,0.04589391531938999,0.008400537634408673,0.12962962962962973,0.11274901407996579
2025,1981,0.11813621331535192,0.3684921399179999,0.18290180031019634,0.38687734190236933,0.05616925669350314,0.01247193813918684,0.16090104585679812,0.11772704789447395
2030,20572,0.13217099972879467,1.0234756729279042,0.26095190937506824,1.0319499539225674,0.05234368869559347,0.005938594928439871,0.1619695497246519,0.14405851870066305

=== PERIOD STATISTICS ===
Year,N,Mean,Std,MAE,RMSE,Median,P25,P75,Winsor
2015-2019,8932,0.11176102741586745,1.2718284133261935,0.252452291099319,1.276658507359032,0.042498188824465655,0.0,0.13375689683999317,0.13053354819448848
2020-2022,5723,0.166303205217327,0.902772316337179,0.3170151928726633,0.9178846353202931,0.06919617114519663,0.010043690051725012,0.2127951674903899,0.17086768336994293
2023-2025,5917,0.12996773129685205,0.6406372492639485,0.2195573545300886,0.6536347100114578,0.05450814415800954,0.011020498126515376,0.15689114168476936,0.13762422165802363
2025-all,20572,0.13217099972879467,1.0234756729279042,0.26095190937506824,1.0319499539225674,0.05234368869559347,0.005938594928439871,0.1619695497246519,0.14405851870066305

=== PAIRWISE T-TESTS (Welch) ===
**************************************************************
C:/smart/ronnie/data/iwm2025.txt

=== YEARLY STATISTICS ===
Year,N,Mean,Std,MAE,RMSE,Median,P25,P75,Winsor
2015,3361,-4.693106260695913,137.77835717721123,6.26489547276095,137.83777772579018,0.0642880102860817,-0.09363295880149815,0.3913894324853229,-0.07814045330623189
2016,3920,-0.2525605424460181,20.3109147631379,2.466275568164874,20.309894319442094,0.08131183236473195,-0.07861635220125786,0.4393673110720561,0.08163342092133428
2017,4211,-2.362700521098145,64.03274415047377,3.8855832339613428,64.06872084765948,0.08438818565400844,-0.06920415224913501,0.49200492004920043,-0.010799821289373204
2018,4526,-2.615236665112473,97.16059424478074,4.975846066649975,97.1850542516422,0.09791122715404707,-0.06949270326615692,0.49148099606815215,-0.04942633940379279
2019,4942,-0.7384274883638973,29.49026178153373,2.957525955007588,29.496522484257813,0.10627004562497169,-0.08628127696289913,0.5625879043600567,-0.05398383647357982
2020,5301,-1.1341195878276435,28.56308584810751,3.5248481067007287,28.582900404020958,0.21706099413935312,-0.14265335235378035,1.048951048951049,0.013870157278153564
2021,6173,-54.016438071913065,4231.399285496861,55.900854068447345,4231.401327743794,0.1777777777777777,-0.05865102639296193,0.6782215523737752,0.0284991575802071
2022,6808,0.18258534840880133,36.18659925203761,3.0017742651008152,36.18440216460899,0.1539449605786355,-0.1745200698080279,0.6856540084388185,0.01874529420158383
2023,7106,0.5016395706049556,16.633457292091098,2.069248476783498,16.639850022640207,0.17214793053281832,-0.15112262521588937,0.8310249307479225,0.3786850702571659
2024,7408,0.09973090562593694,15.305496336808579,1.6515083910295916,15.304788206307766,0.11954576895154138,-0.16220600162205995,0.54127198917456,0.10036463646477567
2025,7308,-0.32863021820479005,12.08664468462645,1.9920996041523058,12.090284841332318,0.1414179291035448,-0.17921146953405034,0.6134969325153373,-0.06215065821010216
2030,61064,-6.198567741300873,1346.2599053737915,8.350534953418391,1346.2631520122948,0.1275876368878074,-0.1124859392575929,0.6313131313131308,0.06297010956558384

=== PERIOD STATISTICS ===
Year,N,Mean,Std,MAE,RMSE,Median,P25,P75,Winsor
2015-2019,20960,-2.013300055187265,78.67204761528785,4.018276597169483,78.69592850007939,0.08622548363593112,-0.0795544948289579,0.4788507581803671,-0.019162860380720514
2020-2022,18282,-18.499748337218392,2458.9296875248615,21.015056950823343,2458.932028898755,0.17861130606775977,-0.12062726176115815,0.7728894173602854,0.027767786827281815
2023-2025,21822,0.08715185147810234,14.786331474914073,1.90160011657574,14.786249520629816,0.14204545454545453,-0.16116035455278005,0.6485849056603774,0.14180940392703578
2025-all,61064,-6.198567741300873,1346.2599053737915,8.350534953418391,1346.2631520122948,0.1275876368878074,-0.1124859392575929,0.6313131313131308,0.06297010956558384

=== PAIRWISE T-TESTS (Welch) ===
**************************************************************
C:/smart/ronnie/data/spy2025.txt

=== PERIOD STATISTICS ===
Year,N,Mean,Std,MAE,RMSE,Median,P25,P75,Winsor
2015-2019,8932,0.13053354819448748,0.3594644156720176,0.19032543127525864,0.38241235185489625,0.042498188824465655,0.0,0.13375689683999317,0.13053354819448848
2020-2022,5723,0.17086768336994262,0.466705287256698,0.2637165346801166,0.49696230339404995,0.06919617114519663,0.010043690051725012,0.2127951674903899,0.17086768336994293
2023-2025,5917,0.13762422165802382,0.35167544722683364,0.1916602233131573,0.3776177231341393,0.05450814415800954,0.011020498126515376,0.15689114168476936,0.13762422165802363
2025-all,20572,0.14405851870066452,0.38744313787630835,0.2107592088402459,0.41334942237803596,0.05234368869559347,0.005938594928439871,0.1619695497246519,0.14405851870066305

=== PAIRWISE T-TESTS (Welch) ===
**************************************************************
C:/smart/ronnie/data/iwm2025.txt

=== PERIOD STATISTICS ===
Year,N,Mean,Std,MAE,RMSE,Median,P25,P75,Winsor
2015-2019,20960,-0.01916286038072234,3.206119580246778,1.2070935309194586,3.2061003661894762,0.08622548363593112,-0.0795544948289579,0.4788507581803671,-0.019162860380720514
2020-2022,18282,0.027767786827276677,3.667040140832538,1.5592628107853133,3.667044982300201,0.17861130606775977,-0.12062726176115815,0.7728894173602854,0.027767786827281815
2023-2025,21822,0.14180940392703847,2.5969755944566417,1.2603160620367166,2.6007850903900387,0.14204545454545453,-0.16116035455278005,0.6485849056603774,0.14180940392703578
2025-all,61064,0.06297010956558749,3.058174054737927,1.320649694047718,3.0587972515290036,0.1275876368878074,-0.1124859392575929,0.6313131313131308,0.06297010956558384

=== PAIRWISE T-TESTS (Welch) ===
**************************************************************
C:/smart/ronnie/data/spy2025.txt

=== PAIRWISE T-TESTS (Welch) ===
2015-2019
mean diff=0.14956705444942825
t-stat = 6.655371886310219
p-value = 2.992095460285782E-11
---------------------
2020-2022
mean diff=0.14403970385453976
t-stat = 5.173464723386317
p-value = 2.3761142164957505E-7
---------------------
2023-2025
mean diff=-0.004185182269014653
t-stat = -0.23040045787496702
p-value = 0.8177885717840017
---------------------
**************************************************************
C:/smart/ronnie/data/spy2025.txt

=== PAIRWISE T-TESTS (Welch) ===
2015-2019
mean diff=0.14956705444942825
t-stat = 6.655371886310219
p-value = 2.992095460285782E-11
---------------------
2020-2022
mean diff=0.14403970385453976
t-stat = 5.173464723386317
p-value = 2.3761142164957505E-7
---------------------
2023-2025
mean diff=-0.004185182269014653
t-stat = -0.23040045787496702
p-value = 0.8177885717840017
---------------------
2025-all
mean diff=0.08130628334549134
t-stat = 6.41631584513107
p-value = 1.426527784786913E-10
---------------------
